import numpy as np

truth = np.array([[62.77756565343234,62.77825831854105,-0.3997357261897763],
                  [62.77825831854105,81.22805097901174,-0.31911691903348266],
                  [-0.3997357261897763,-0.31911691903348266,74.41442626590587]])

deterministic = np.array([[62.588712850334346,62.584529818040934,-0.7515684628446616],
                  [62.584529818040934,80.87729861274184,-0.11935919284669798],
                  [-0.7515684628446616,-0.11935919284669798,74.27294068944404]])

ML = np.array([[62.602764525183951,62.591848452880980,-0.702729540158824],
                  [62.591848452880980,80.87729861274184,-0.148266297008341],
                  [-0.702729540158824,-0.148266297008341,74.252731386299362]])

MD = np.array([[62.591872390712359,62.5713950276436012,-0.681903249278648],
                  [62.5713950276436012,80.612847127684213,-0.112495641285713],
                  [-0.681903249278648,-0.112495641285713,74.311923038274562]])

SD = np.array([[62.87553168927387,62.8769646448219,0.4706063016305667],
                [62.8769646448219,80.96266119139209,0.3759775546775655],
                [0.4706063016305667,0.3759775546775655,73.31309769501405]])


SL = np.array([[63.00761562901203,63.046530470594284,-0.0002840555200047206],
        [63.046530470594284,82.22679746722187,-0.21338793942923162],
        [-0.0002840555200047206,-0.21338793942923162,77.39910277786377]])

print(np.linalg.norm(truth-deterministic)/np.linalg.norm(truth))
print(np.linalg.norm(truth-ML)/np.linalg.norm(truth))
print(np.linalg.norm(truth-MD)/np.linalg.norm(truth))
print(np.linalg.norm(truth-SD)/np.linalg.norm(truth))
print(np.linalg.norm(truth-SL)/np.linalg.norm(truth))